1271692742104
1271692752104
1271692762114
1271692772114
1271692782104
1271692792114
1271692802114
1271692812094
1271692822094
1271692832094
1271692842094
1271692852104
1271692862094
1271692872094
1271692882094
1271692892094
1271692902094
1271692912094
1271692922094
1271692932094
1271692942104
1271692952104
1271692962104
1271692972104
1271692982104
1271692992104
1271693002084
1271693012084
1271693022084
1271693032084
1271693042084
1271693052094
1271693062094
1271693072094
1271693082094
1271693092094
1271693102094
1271693112094
1271693122094
1271693132084
1271693142094
1271693152094
1271693162094
1271693172094
1271693182094
1271693192074
1271693202074
1271693212074
1271693222074